0 1.6000 29.5000
1 1.6000 28.5000
2 1.6000 27.5000
3 1.6000 26.5000
4 1.6000 25.5000
5 1.6000 24.5000
6 1.6000 23.5000
7 1.6000 22.5000
8 1.6000 21.5000
9 1.6000 20.5000
10 3.3000 29.5000
11 3.3000 28.5000
12 3.3000 27.5000
13 3.3000 26.5000
14 3.3000 25.5000
15 3.3000 24.5000
16 3.3000 23.5000
17 3.3000 22.5000
18 3.3000 21.5000
19 3.3000 20.5000
20 4.6000 29.5000
21 4.6000 28.5000
22 4.6000 27.5000
23 4.6000 26.5000
24 4.6000 25.5000
25 4.6000 24.5000
26 4.6000 23.5000
27 4.6000 22.5000
28 4.6000 21.5000
29 4.6000 20.5000
30 6.3000 29.5000
31 6.3000 28.5000
32 6.3000 27.5000
33 6.3000 26.5000
34 6.3000 25.5000
35 6.3000 24.5000
36 6.3000 23.5000
37 6.3000 22.5000
38 6.3000 21.5000
39 6.3000 20.5000
40 7.6000 29.5000
41 7.6000 28.5000
42 7.6000 27.5000
43 7.6000 26.5000
44 7.6000 25.5000
45 7.6000 24.5000
46 7.6000 23.5000
47 7.6000 22.5000
48 7.6000 21.5000
49 7.6000 20.5000
50 9.3000 29.5000
51 9.3000 28.5000
52 9.3000 27.5000
53 9.3000 26.5000
54 9.3000 25.5000
55 9.3000 24.5000
56 9.3000 23.5000
57 9.3000 22.5000
58 9.3000 21.5000
59 9.3000 20.5000
60 10.6000 29.5000
61 10.6000 28.5000
62 10.6000 27.5000
63 10.6000 26.5000
64 10.6000 25.5000
65 10.6000 24.5000
66 10.6000 23.5000
67 10.6000 22.5000
68 10.6000 21.5000
69 10.6000 20.5000
70 12.3000 29.5000
71 12.3000 28.5000
72 12.3000 27.5000
73 12.3000 26.5000
74 12.3000 25.5000
75 12.3000 24.5000
76 12.3000 23.5000
77 12.3000 22.5000
78 12.3000 21.5000
79 12.3000 20.5000
80 1.6000 15.5000
81 1.6000 14.5000
82 1.6000 13.5000
83 1.6000 12.5000
84 1.6000 11.5000
85 1.6000 10.5000
86 1.6000 9.5000
87 1.6000 8.5000
88 1.6000 7.5000
89 1.6000 6.5000
90 3.3000 15.5000
91 3.3000 14.5000
92 3.3000 13.5000
93 3.3000 12.5000
94 3.3000 11.5000
95 3.3000 10.5000
96 3.3000 9.5000
97 3.3000 8.5000
98 3.3000 7.5000
99 3.3000 6.5000
100 4.6000 15.5000
101 4.6000 14.5000
102 4.6000 13.5000
103 4.6000 12.5000
104 4.6000 11.5000
105 4.6000 10.5000
106 4.6000 9.5000
107 4.6000 8.5000
108 4.6000 7.5000
109 4.6000 6.5000
110 6.3000 15.5000
111 6.3000 14.5000
112 6.3000 13.5000
113 6.3000 12.5000
114 6.3000 11.5000
115 6.3000 10.5000
116 6.3000 9.5000
117 6.3000 8.5000
118 6.3000 7.5000
119 6.3000 6.5000
120 7.6000 15.5000
121 7.6000 14.5000
122 7.6000 13.5000
123 7.6000 12.5000
124 7.6000 11.5000
125 7.6000 10.5000
126 7.6000 9.5000
127 7.6000 8.5000
128 7.6000 7.5000
129 7.6000 6.5000
130 9.3000 15.5000
131 9.3000 14.5000
132 9.3000 13.5000
133 9.3000 12.5000
134 9.3000 11.5000
135 9.3000 10.5000
136 9.3000 9.5000
137 9.3000 8.5000
138 9.3000 7.5000
139 9.3000 6.5000
140 10.6000 15.5000
141 10.6000 14.5000
142 10.6000 13.5000
143 10.6000 12.5000
144 10.6000 11.5000
145 10.6000 10.5000
146 10.6000 9.5000
147 10.6000 8.5000
148 10.6000 7.5000
149 10.6000 6.5000
150 12.3000 15.5000
151 12.3000 14.5000
152 12.3000 13.5000
153 12.3000 12.5000
154 12.3000 11.5000
155 12.3000 10.5000
156 12.3000 9.5000
157 12.3000 8.5000
158 12.3000 7.5000
159 12.3000 6.5000
160 1.5000 31.6000
161 2.5000 31.6000
162 3.5000 31.6000
163 4.5000 31.6000
164 5.5000 31.6000
165 6.5000 31.6000
166 7.5000 31.6000
167 8.5000 31.6000
168 9.5000 31.6000
169 10.5000 31.6000
170 11.5000 31.6000
171 12.5000 31.6000
172 0.3000 31.5000
173 0.3000 30.5000
174 0.3000 29.5000
175 0.3000 28.5000
176 0.3000 27.5000
177 0.3000 26.5000
178 0.3000 25.5000
179 0.3000 24.5000
180 0.3000 23.5000
181 0.3000 22.5000
182 0.3000 21.5000
183 0.3000 20.5000
184 0.3000 19.5000
185 0.3000 18.5000
186 0.3000 17.5000
187 0.3000 16.5000
188 0.3000 15.5000
189 0.3000 14.5000
190 0.3000 13.5000
191 0.3000 12.5000
192 0.3000 11.5000
193 0.3000 10.5000
194 0.3000 9.5000
195 0.3000 8.5000
196 0.3000 7.5000
197 0.3000 6.5000
198 0.3000 5.5000
199 0.3000 4.5000
200 13.6000 31.5000
201 13.6000 30.5000
202 13.6000 29.5000
203 13.6000 28.5000
204 13.6000 27.5000
205 13.6000 26.5000
206 13.6000 25.5000
207 13.6000 24.5000
208 13.6000 23.5000
209 13.6000 22.5000
210 13.6000 21.5000
211 13.6000 20.5000
212 13.6000 19.5000
213 13.6000 18.5000
214 13.6000 17.5000
215 13.6000 16.5000
216 13.6000 15.5000
217 13.6000 14.5000
218 13.6000 13.5000
219 13.6000 12.5000
220 13.6000 11.5000
221 13.6000 10.5000
222 13.6000 9.5000
223 13.6000 8.5000
224 13.6000 7.5000
225 13.6000 6.5000
226 13.6000 5.5000
227 13.6000 4.5000