         0   32.0000   14.0000   32.0000
         0         0         0   32.0000
   14.0000         0   14.0000   32.0000
    2.0000    6.0000    2.0000   16.0000
    3.0000    6.0000    3.0000   16.0000
    2.0000    6.0000    3.0000    6.0000
    2.0000   16.0000    3.0000   16.0000
    5.0000    6.0000    5.0000   16.0000
    6.0000    6.0000    6.0000   16.0000
    5.0000    6.0000    6.0000    6.0000
    5.0000   16.0000    6.0000   16.0000
    8.0000    6.0000    8.0000   16.0000
    9.0000    6.0000    9.0000   16.0000
    8.0000    6.0000    9.0000    6.0000
    8.0000   16.0000    9.0000   16.0000
   11.0000    6.0000   11.0000   16.0000
   12.0000    6.0000   12.0000   16.0000
   11.0000    6.0000   12.0000    6.0000
   11.0000   16.0000   12.0000   16.0000
    2.0000   20.0000    2.0000   30.0000
    3.0000   20.0000    3.0000   30.0000
    2.0000   20.0000    3.0000   20.0000
    2.0000   30.0000    3.0000   30.0000
    5.0000   20.0000    5.0000   30.0000
    6.0000   20.0000    6.0000   30.0000
    5.0000   20.0000    6.0000   20.0000
    5.0000   30.0000    6.0000   30.0000
    8.0000   20.0000    8.0000   30.0000
    9.0000   20.0000    9.0000   30.0000
    8.0000   20.0000    9.0000   20.0000
    8.0000   30.0000    9.0000   30.0000
   11.0000   20.0000   11.0000   30.0000
   12.0000   20.0000   12.0000   30.0000
   11.0000   20.0000   12.0000   20.0000
   11.0000   30.0000   12.0000   30.0000
    2.0000         0    2.0000    2.0000
    2.5000         0    2.5000    2.0000
    2.0000         0    2.5000         0
    2.0000    2.0000    2.5000    2.0000
    3.5000         0    3.5000    2.0000
    4.0000         0    4.0000    2.0000
    3.5000         0    4.0000         0
    3.5000    2.0000    4.0000    2.0000
    5.0000         0    5.0000    2.0000
    5.5000         0    5.5000    2.0000
    5.0000         0    5.5000         0
    5.0000    2.0000    5.5000    2.0000
    6.5000         0    6.5000    2.0000
    7.0000         0    7.0000    2.0000
    6.5000         0    7.0000         0
    6.5000    2.0000    7.0000    2.0000
    8.0000         0    8.0000    2.0000
    8.5000         0    8.5000    2.0000
    8.0000         0    8.5000         0
    8.0000    2.0000    8.5000    2.0000
    9.5000         0    9.5000    2.0000
   10.0000         0   10.0000    2.0000
    9.5000         0   10.0000         0
    9.5000    2.0000   10.0000    2.0000
   11.0000         0   11.0000    2.0000
   11.5000         0   11.5000    2.0000
   11.0000         0   11.5000         0
   11.0000    2.0000   11.5000    2.0000